bounds: 518.800 x 140.000
glyphs: 19
  glyph_id=74 x=24.00 y=80.00 size=40.000
  glyph_id=126 x=59.00 y=60.00 size=40.000
  glyph_id=126 x=59.00 y=80.00 size=40.000
  glyph_id=158 x=89.00 y=100.00 size=40.000
  glyph_id=158 x=114.00 y=95.00 size=40.000
  glyph_id=158 x=139.00 y=90.00 size=40.000
  glyph_id=158 x=164.00 y=85.00 size=40.000
  glyph_id=158 x=189.00 y=80.00 size=40.000
  glyph_id=158 x=214.00 y=75.00 size=40.000
  glyph_id=158 x=239.00 y=70.00 size=40.000
  glyph_id=158 x=264.00 y=65.00 size=40.000
  glyph_id=158 x=299.00 y=65.00 size=40.000
  glyph_id=158 x=324.00 y=70.00 size=40.000
  glyph_id=158 x=349.00 y=75.00 size=40.000
  glyph_id=158 x=374.00 y=80.00 size=40.000
  glyph_id=158 x=399.00 y=85.00 size=40.000
  glyph_id=158 x=424.00 y=90.00 size=40.000
  glyph_id=158 x=449.00 y=95.00 size=40.000
  glyph_id=158 x=474.00 y=100.00 size=40.000
geometry: 180 vertices (60 triangles)
  (20.00,50.25) (498.80,50.25) (20.00,49.75)
  (498.80,50.25) (498.80,49.75) (20.00,49.75)
  (20.00,60.25) (498.80,60.25) (20.00,59.75)
  (498.80,60.25) (498.80,59.75) (20.00,59.75)
  (20.00,70.25) (498.80,70.25) (20.00,69.75)
  (498.80,70.25) (498.80,69.75) (20.00,69.75)
  (20.00,80.25) (498.80,80.25) (20.00,79.75)
  (498.80,80.25) (498.80,79.75) (20.00,79.75)
  (20.00,90.25) (498.80,90.25) (20.00,89.75)
  (498.80,90.25) (498.80,89.75) (20.00,89.75)
  (86.20,100.25) (103.60,100.25) (86.20,99.75)
  (103.60,100.25) (103.60,99.75) (86.20,99.75)
  (100.80,100.00) (100.80,70.00) (100.00,100.00)
  (100.80,70.00) (100.00,70.00) (100.00,100.00)
  (125.80,95.00) (125.80,65.00) (125.00,95.00)
  (125.80,65.00) (125.00,65.00) (125.00,95.00)
  (150.80,90.00) (150.80,60.00) (150.00,90.00)
  (150.80,60.00) (150.00,60.00) (150.00,90.00)
  (175.80,85.00) (175.80,55.00) (175.00,85.00)
  (175.80,55.00) (175.00,55.00) (175.00,85.00)
  (100.00,72.58) (100.00,67.58) (175.80,52.42)
  (175.80,52.42) (175.80,57.42) (100.00,72.58)
  (200.80,80.00) (200.80,50.00) (200.00,80.00)
  (200.80,50.00) (200.00,50.00) (200.00,80.00)
  (225.80,75.00) (225.80,45.00) (225.00,75.00)
  (225.80,45.00) (225.00,45.00) (225.00,75.00)
  (250.80,70.00) (250.80,40.00) (250.00,70.00)
  (250.80,40.00) (250.00,40.00) (250.00,70.00)
  (275.80,65.00) (275.80,35.00) (275.00,65.00)
  (275.80,35.00) (275.00,35.00) (275.00,65.00)
  (200.00,52.58) (200.00,47.58) (275.80,32.42)
  (275.80,32.42) (275.80,37.42) (200.00,52.58)
  (288.50,50.00) (288.50,90.00) (289.50,50.00)
  (288.50,90.00) (289.50,90.00) (289.50,50.00)
  (310.80,65.00) (310.80,35.00) (310.00,65.00)
  (310.80,35.00) (310.00,35.00) (310.00,65.00)
  (335.80,70.00) (335.80,40.00) (335.00,70.00)
  (335.80,40.00) (335.00,40.00) (335.00,70.00)
  (360.80,75.00) (360.80,45.00) (360.00,75.00)
  (360.80,45.00) (360.00,45.00) (360.00,75.00)
  (385.80,80.00) (385.80,50.00) (385.00,80.00)
  (385.80,50.00) (385.00,50.00) (385.00,80.00)
  (310.00,37.42) (310.00,32.42) (385.80,47.58)
  (385.80,47.58) (385.80,52.58) (310.00,37.42)
  (471.20,100.25) (488.60,100.25) (471.20,99.75)
  (488.60,100.25) (488.60,99.75) (471.20,99.75)
  (410.80,85.00) (410.80,55.00) (410.00,85.00)
  (410.80,55.00) (410.00,55.00) (410.00,85.00)
  (435.80,90.00) (435.80,60.00) (435.00,90.00)
  (435.80,60.00) (435.00,60.00) (435.00,90.00)
  (460.80,95.00) (460.80,65.00) (460.00,95.00)
  (460.80,65.00) (460.00,65.00) (460.00,95.00)
  (485.80,100.00) (485.80,70.00) (485.00,100.00)
  (485.80,70.00) (485.00,70.00) (485.00,100.00)
  (410.00,57.42) (410.00,52.42) (485.80,67.58)
  (485.80,67.58) (485.80,72.58) (410.00,57.42)
  (492.30,50.00) (492.30,90.00) (493.30,50.00)
  (492.30,90.00) (493.30,90.00) (493.30,50.00)
  (495.80,50.00) (495.80,90.00) (498.80,50.00)
  (495.80,90.00) (498.80,90.00) (498.80,50.00)
