bounds: 1333.800 x 170.000
glyphs: 72
  glyph_id=74 x=24.00 y=110.00 size=40.000
  glyph_id=126 x=59.00 y=90.00 size=40.000
  glyph_id=126 x=59.00 y=110.00 size=40.000
  glyph_id=158 x=89.00 y=130.00 size=40.000
  glyph_id=537 x=106.00 y=130.00 size=40.000
  glyph_id=158 x=114.00 y=130.00 size=40.000
  glyph_id=158 x=139.00 y=125.00 size=40.000
  glyph_id=537 x=156.00 y=125.00 size=40.000
  glyph_id=158 x=164.00 y=125.00 size=40.000
  glyph_id=158 x=189.00 y=120.00 size=40.000
  glyph_id=158 x=214.00 y=115.00 size=40.000
  glyph_id=537 x=231.00 y=115.00 size=40.000
  glyph_id=158 x=239.00 y=115.00 size=40.000
  glyph_id=158 x=264.00 y=110.00 size=40.000
  glyph_id=537 x=281.00 y=110.00 size=40.000
  glyph_id=158 x=289.00 y=110.00 size=40.000
  glyph_id=158 x=314.00 y=105.00 size=40.000
  glyph_id=537 x=331.00 y=105.00 size=40.000
  glyph_id=158 x=339.00 y=105.00 size=40.000
  glyph_id=158 x=364.00 y=100.00 size=40.000
  glyph_id=158 x=389.00 y=95.00 size=40.000
  glyph_id=537 x=406.00 y=95.00 size=40.000
  glyph_id=158 x=414.00 y=95.00 size=40.000
  glyph_id=158 x=439.00 y=90.00 size=40.000
  glyph_id=537 x=456.00 y=90.00 size=40.000
  glyph_id=158 x=464.00 y=90.00 size=40.000
  glyph_id=158 x=489.00 y=85.00 size=40.000
  glyph_id=158 x=514.00 y=80.00 size=40.000
  glyph_id=537 x=531.00 y=80.00 size=40.000
  glyph_id=158 x=539.00 y=80.00 size=40.000
  glyph_id=158 x=564.00 y=75.00 size=40.000
  glyph_id=537 x=581.00 y=75.00 size=40.000
  glyph_id=158 x=589.00 y=75.00 size=40.000
  glyph_id=158 x=614.00 y=70.00 size=40.000
  glyph_id=537 x=631.00 y=70.00 size=40.000
  glyph_id=158 x=639.00 y=70.00 size=40.000
  glyph_id=158 x=664.00 y=65.00 size=40.000
  glyph_id=158 x=689.00 y=60.00 size=40.000
  glyph_id=158 x=714.00 y=65.00 size=40.000
  glyph_id=535 x=731.00 y=65.00 size=40.000
  glyph_id=158 x=739.00 y=65.00 size=40.000
  glyph_id=158 x=764.00 y=70.00 size=40.000
  glyph_id=535 x=781.00 y=70.00 size=40.000
  glyph_id=158 x=789.00 y=70.00 size=40.000
  glyph_id=158 x=814.00 y=75.00 size=40.000
  glyph_id=535 x=831.00 y=75.00 size=40.000
  glyph_id=158 x=839.00 y=75.00 size=40.000
  glyph_id=158 x=864.00 y=80.00 size=40.000
  glyph_id=158 x=889.00 y=85.00 size=40.000
  glyph_id=535 x=906.00 y=85.00 size=40.000
  glyph_id=158 x=914.00 y=85.00 size=40.000
  glyph_id=158 x=939.00 y=90.00 size=40.000
  glyph_id=535 x=956.00 y=90.00 size=40.000
  glyph_id=158 x=964.00 y=90.00 size=40.000
  glyph_id=158 x=989.00 y=95.00 size=40.000
  glyph_id=158 x=1014.00 y=100.00 size=40.000
  glyph_id=535 x=1031.00 y=100.00 size=40.000
  glyph_id=158 x=1039.00 y=100.00 size=40.000
  glyph_id=158 x=1064.00 y=105.00 size=40.000
  glyph_id=535 x=1081.00 y=105.00 size=40.000
  glyph_id=158 x=1089.00 y=105.00 size=40.000
  glyph_id=158 x=1114.00 y=110.00 size=40.000
  glyph_id=535 x=1131.00 y=110.00 size=40.000
  glyph_id=158 x=1139.00 y=110.00 size=40.000
  glyph_id=158 x=1164.00 y=115.00 size=40.000
  glyph_id=158 x=1189.00 y=120.00 size=40.000
  glyph_id=535 x=1206.00 y=120.00 size=40.000
  glyph_id=158 x=1214.00 y=120.00 size=40.000
  glyph_id=158 x=1239.00 y=125.00 size=40.000
  glyph_id=535 x=1256.00 y=125.00 size=40.000
  glyph_id=158 x=1264.00 y=125.00 size=40.000
  glyph_id=158 x=1289.00 y=130.00 size=40.000
geometry: 408 vertices (136 triangles)
  (20.00,80.25) (1313.80,80.25) (20.00,79.75)
  (1313.80,80.25) (1313.80,79.75) (20.00,79.75)
  (20.00,90.25) (1313.80,90.25) (20.00,89.75)
  (1313.80,90.25) (1313.80,89.75) (20.00,89.75)
  (20.00,100.25) (1313.80,100.25) (20.00,99.75)
  (1313.80,100.25) (1313.80,99.75) (20.00,99.75)
  (20.00,110.25) (1313.80,110.25) (20.00,109.75)
  (1313.80,110.25) (1313.80,109.75) (20.00,109.75)
  (20.00,120.25) (1313.80,120.25) (20.00,119.75)
  (1313.80,120.25) (1313.80,119.75) (20.00,119.75)
  (86.20,130.25) (103.60,130.25) (86.20,129.75)
  (103.60,130.25) (103.60,129.75) (86.20,129.75)
  (100.80,130.00) (100.80,95.00) (100.00,130.00)
  (100.80,95.00) (100.00,95.00) (100.00,130.00)
  (111.20,130.25) (128.60,130.25) (111.20,129.75)
  (128.60,130.25) (128.60,129.75) (111.20,129.75)
  (125.80,130.00) (125.80,95.00) (125.00,130.00)
  (125.80,95.00) (125.00,95.00) (125.00,130.00)
  (150.80,125.00) (150.80,90.00) (150.00,125.00)
  (150.80,90.00) (150.00,90.00) (150.00,125.00)
  (175.80,125.00) (175.80,90.00) (175.00,125.00)
  (175.80,90.00) (175.00,90.00) (175.00,125.00)
  (200.80,120.00) (200.80,85.00) (200.00,120.00)
  (200.80,85.00) (200.00,85.00) (200.00,120.00)
  (225.80,115.00) (225.80,80.00) (225.00,115.00)
  (225.80,80.00) (225.00,80.00) (225.00,115.00)
  (250.80,115.00) (250.80,80.00) (250.00,115.00)
  (250.80,80.00) (250.00,80.00) (250.00,115.00)
  (275.80,110.00) (275.80,75.00) (275.00,110.00)
  (275.80,75.00) (275.00,75.00) (275.00,110.00)
  (300.80,110.00) (300.80,75.00) (300.00,110.00)
  (300.80,75.00) (300.00,75.00) (300.00,110.00)
  (325.80,105.00) (325.80,70.00) (325.00,105.00)
  (325.80,70.00) (325.00,70.00) (325.00,105.00)
  (350.80,105.00) (350.80,70.00) (350.00,105.00)
  (350.80,70.00) (350.00,70.00) (350.00,105.00)
  (364.00,100.00) (364.00,135.00) (364.80,100.00)
  (364.00,135.00) (364.80,135.00) (364.80,100.00)
  (389.00,95.00) (389.00,130.00) (389.80,95.00)
  (389.00,130.00) (389.80,130.00) (389.80,95.00)
  (414.00,95.00) (414.00,130.00) (414.80,95.00)
  (414.00,130.00) (414.80,130.00) (414.80,95.00)
  (439.00,90.00) (439.00,125.00) (439.80,90.00)
  (439.00,125.00) (439.80,125.00) (439.80,90.00)
  (464.00,90.00) (464.00,125.00) (464.80,90.00)
  (464.00,125.00) (464.80,125.00) (464.80,90.00)
  (489.00,85.00) (489.00,120.00) (489.80,85.00)
  (489.00,120.00) (489.80,120.00) (489.80,85.00)
  (514.00,80.00) (514.00,115.00) (514.80,80.00)
  (514.00,115.00) (514.80,115.00) (514.80,80.00)
  (539.00,80.00) (539.00,115.00) (539.80,80.00)
  (539.00,115.00) (539.80,115.00) (539.80,80.00)
  (564.00,75.00) (564.00,110.00) (564.80,75.00)
  (564.00,110.00) (564.80,110.00) (564.80,75.00)
  (589.00,75.00) (589.00,110.00) (589.80,75.00)
  (589.00,110.00) (589.80,110.00) (589.80,75.00)
  (611.20,70.25) (628.60,70.25) (611.20,69.75)
  (628.60,70.25) (628.60,69.75) (611.20,69.75)
  (614.00,70.00) (614.00,105.00) (614.80,70.00)
  (614.00,105.00) (614.80,105.00) (614.80,70.00)
  (636.20,70.25) (653.60,70.25) (636.20,69.75)
  (653.60,70.25) (653.60,69.75) (636.20,69.75)
  (639.00,70.00) (639.00,105.00) (639.80,70.00)
  (639.00,105.00) (639.80,105.00) (639.80,70.00)
  (661.20,70.25) (678.60,70.25) (661.20,69.75)
  (678.60,70.25) (678.60,69.75) (661.20,69.75)
  (664.00,65.00) (664.00,100.00) (664.80,65.00)
  (664.00,100.00) (664.80,100.00) (664.80,65.00)
  (686.20,70.25) (703.60,70.25) (686.20,69.75)
  (703.60,70.25) (703.60,69.75) (686.20,69.75)
  (686.20,60.25) (703.60,60.25) (686.20,59.75)
  (703.60,60.25) (703.60,59.75) (686.20,59.75)
  (689.00,60.00) (689.00,95.00) (689.80,60.00)
  (689.00,95.00) (689.80,95.00) (689.80,60.00)
  (711.20,70.25) (728.60,70.25) (711.20,69.75)
  (728.60,70.25) (728.60,69.75) (711.20,69.75)
  (714.00,65.00) (714.00,100.00) (714.80,65.00)
  (714.00,100.00) (714.80,100.00) (714.80,65.00)
  (736.20,70.25) (753.60,70.25) (736.20,69.75)
  (753.60,70.25) (753.60,69.75) (736.20,69.75)
  (739.00,65.00) (739.00,100.00) (739.80,65.00)
  (739.00,100.00) (739.80,100.00) (739.80,65.00)
  (761.20,70.25) (778.60,70.25) (761.20,69.75)
  (778.60,70.25) (778.60,69.75) (761.20,69.75)
  (764.00,70.00) (764.00,105.00) (764.80,70.00)
  (764.00,105.00) (764.80,105.00) (764.80,70.00)
  (786.20,70.25) (803.60,70.25) (786.20,69.75)
  (803.60,70.25) (803.60,69.75) (786.20,69.75)
  (789.00,70.00) (789.00,105.00) (789.80,70.00)
  (789.00,105.00) (789.80,105.00) (789.80,70.00)
  (814.00,75.00) (814.00,110.00) (814.80,75.00)
  (814.00,110.00) (814.80,110.00) (814.80,75.00)
  (839.00,75.00) (839.00,110.00) (839.80,75.00)
  (839.00,110.00) (839.80,110.00) (839.80,75.00)
  (864.00,80.00) (864.00,115.00) (864.80,80.00)
  (864.00,115.00) (864.80,115.00) (864.80,80.00)
  (889.00,85.00) (889.00,120.00) (889.80,85.00)
  (889.00,120.00) (889.80,120.00) (889.80,85.00)
  (914.00,85.00) (914.00,120.00) (914.80,85.00)
  (914.00,120.00) (914.80,120.00) (914.80,85.00)
  (939.00,90.00) (939.00,125.00) (939.80,90.00)
  (939.00,125.00) (939.80,125.00) (939.80,90.00)
  (964.00,90.00) (964.00,125.00) (964.80,90.00)
  (964.00,125.00) (964.80,125.00) (964.80,90.00)
  (989.00,95.00) (989.00,130.00) (989.80,95.00)
  (989.00,130.00) (989.80,130.00) (989.80,95.00)
  (1014.00,100.00) (1014.00,135.00) (1014.80,100.00)
  (1014.00,135.00) (1014.80,135.00) (1014.80,100.00)
  (1039.00,100.00) (1039.00,135.00) (1039.80,100.00)
  (1039.00,135.00) (1039.80,135.00) (1039.80,100.00)
  (1075.80,105.00) (1075.80,70.00) (1075.00,105.00)
  (1075.80,70.00) (1075.00,70.00) (1075.00,105.00)
  (1100.80,105.00) (1100.80,70.00) (1100.00,105.00)
  (1100.80,70.00) (1100.00,70.00) (1100.00,105.00)
  (1125.80,110.00) (1125.80,75.00) (1125.00,110.00)
  (1125.80,75.00) (1125.00,75.00) (1125.00,110.00)
  (1150.80,110.00) (1150.80,75.00) (1150.00,110.00)
  (1150.80,75.00) (1150.00,75.00) (1150.00,110.00)
  (1175.80,115.00) (1175.80,80.00) (1175.00,115.00)
  (1175.80,80.00) (1175.00,80.00) (1175.00,115.00)
  (1200.80,120.00) (1200.80,85.00) (1200.00,120.00)
  (1200.80,85.00) (1200.00,85.00) (1200.00,120.00)
  (1225.80,120.00) (1225.80,85.00) (1225.00,120.00)
  (1225.80,85.00) (1225.00,85.00) (1225.00,120.00)
  (1250.80,125.00) (1250.80,90.00) (1250.00,125.00)
  (1250.80,90.00) (1250.00,90.00) (1250.00,125.00)
  (1275.80,125.00) (1275.80,90.00) (1275.00,125.00)
  (1275.80,90.00) (1275.00,90.00) (1275.00,125.00)
  (1286.20,130.25) (1303.60,130.25) (1286.20,129.75)
  (1303.60,130.25) (1303.60,129.75) (1286.20,129.75)
  (1300.80,130.00) (1300.80,95.00) (1300.00,130.00)
  (1300.80,95.00) (1300.00,95.00) (1300.00,130.00)
  (1307.30,80.00) (1307.30,120.00) (1308.30,80.00)
  (1307.30,120.00) (1308.30,120.00) (1308.30,80.00)
  (1310.80,80.00) (1310.80,120.00) (1313.80,80.00)
  (1310.80,120.00) (1313.80,120.00) (1313.80,80.00)
