bounds: 555.000 x 370.000
glyphs: 61
  glyph_id=74 x=24.00 y=80.00 size=40.000
  glyph_id=126 x=59.00 y=60.00 size=40.000
  glyph_id=126 x=59.00 y=80.00 size=40.000
  glyph_id=157 x=89.00 y=90.00 size=40.000
  glyph_id=157 x=139.00 y=80.00 size=40.000
  glyph_id=158 x=199.00 y=80.00 size=40.000
  glyph_id=158 x=224.00 y=85.00 size=40.000
  glyph_id=158 x=249.00 y=90.00 size=40.000
  glyph_id=158 x=274.00 y=95.00 size=40.000
  glyph_id=158 x=309.00 y=90.00 size=40.000
  glyph_id=158 x=321.50 y=85.00 size=40.000
  glyph_id=158 x=334.00 y=80.00 size=40.000
  glyph_id=158 x=359.00 y=75.00 size=40.000
  glyph_id=158 x=384.00 y=80.00 size=40.000
  glyph_id=157 x=419.00 y=80.00 size=40.000
  glyph_id=157 x=469.00 y=85.00 size=40.000
  glyph_id=74 x=24.00 y=160.00 size=40.000
  glyph_id=126 x=59.00 y=140.00 size=40.000
  glyph_id=126 x=59.00 y=160.00 size=40.000
  glyph_id=157 x=89.00 y=180.00 size=40.000
  glyph_id=157 x=139.00 y=170.00 size=40.000
  glyph_id=158 x=199.00 y=170.00 size=40.000
  glyph_id=158 x=224.00 y=175.00 size=40.000
  glyph_id=158 x=249.00 y=180.00 size=40.000
  glyph_id=158 x=274.00 y=185.00 size=40.000
  glyph_id=158 x=309.00 y=180.00 size=40.000
  glyph_id=158 x=334.00 y=170.00 size=40.000
  glyph_id=158 x=359.00 y=165.00 size=40.000
  glyph_id=158 x=384.00 y=170.00 size=40.000
  glyph_id=157 x=419.00 y=170.00 size=40.000
  glyph_id=157 x=469.00 y=175.00 size=40.000
  glyph_id=92 x=24.00 y=220.00 size=40.000
  glyph_id=126 x=59.00 y=220.00 size=40.000
  glyph_id=126 x=59.00 y=240.00 size=40.000
  glyph_id=157 x=89.00 y=215.00 size=40.000
  glyph_id=157 x=139.00 y=200.00 size=40.000
  glyph_id=158 x=199.00 y=200.00 size=40.000
  glyph_id=158 x=224.00 y=210.00 size=40.000
  glyph_id=158 x=249.00 y=215.00 size=40.000
  glyph_id=158 x=274.00 y=215.00 size=40.000
  glyph_id=158 x=309.00 y=215.00 size=40.000
  glyph_id=158 x=334.00 y=200.00 size=40.000
  glyph_id=158 x=359.00 y=200.00 size=40.000
  glyph_id=158 x=384.00 y=200.00 size=40.000
  glyph_id=157 x=419.00 y=200.00 size=40.000
  glyph_id=157 x=469.00 y=210.00 size=40.000
  glyph_id=92 x=24.00 y=300.00 size=40.000
  glyph_id=126 x=59.00 y=300.00 size=40.000
  glyph_id=126 x=59.00 y=320.00 size=40.000
  glyph_id=157 x=89.00 y=315.00 size=40.000
  glyph_id=157 x=139.00 y=280.00 size=40.000
  glyph_id=158 x=199.00 y=305.00 size=40.000
  glyph_id=158 x=224.00 y=300.00 size=40.000
  glyph_id=158 x=249.00 y=295.00 size=40.000
  glyph_id=158 x=274.00 y=330.00 size=40.000
  glyph_id=158 x=309.00 y=315.00 size=40.000
  glyph_id=158 x=334.00 y=325.00 size=40.000
  glyph_id=158 x=359.00 y=300.00 size=40.000
  glyph_id=158 x=384.00 y=315.00 size=40.000
  glyph_id=157 x=419.00 y=315.00 size=40.000
  glyph_id=157 x=469.00 y=310.00 size=40.000
geometry: 606 vertices (202 triangles)
  (20.00,50.25) (535.00,50.25) (20.00,49.75)
  (535.00,50.25) (535.00,49.75) (20.00,49.75)
  (20.00,60.25) (535.00,60.25) (20.00,59.75)
  (535.00,60.25) (535.00,59.75) (20.00,59.75)
  (20.00,70.25) (535.00,70.25) (20.00,69.75)
  (535.00,70.25) (535.00,69.75) (20.00,69.75)
  (20.00,80.25) (535.00,80.25) (20.00,79.75)
  (535.00,80.25) (535.00,79.75) (20.00,79.75)
  (20.00,90.25) (535.00,90.25) (20.00,89.75)
  (535.00,90.25) (535.00,89.75) (20.00,89.75)
  (100.80,90.00) (100.80,55.00) (100.00,90.00)
  (100.80,55.00) (100.00,55.00) (100.00,90.00)
  (150.80,80.00) (150.80,45.00) (150.00,80.00)
  (150.80,45.00) (150.00,45.00) (150.00,80.00)
  (188.50,50.00) (188.50,90.00) (189.50,50.00)
  (188.50,90.00) (189.50,90.00) (189.50,50.00)
  (210.80,80.00) (210.80,45.00) (210.00,80.00)
  (210.80,45.00) (210.00,45.00) (210.00,80.00)
  (235.80,85.00) (235.80,50.00) (235.00,85.00)
  (235.80,50.00) (235.00,50.00) (235.00,85.00)
  (260.80,90.00) (260.80,55.00) (260.00,90.00)
  (260.80,55.00) (260.00,55.00) (260.00,90.00)
  (285.80,95.00) (285.80,60.00) (285.00,95.00)
  (285.80,60.00) (285.00,60.00) (285.00,95.00)
  (298.50,50.00) (298.50,90.00) (299.50,50.00)
  (298.50,90.00) (299.50,90.00) (299.50,50.00)
  (320.80,90.00) (320.80,58.12) (320.00,90.00)
  (320.80,58.12) (320.00,58.12) (320.00,90.00)
  (333.30,85.00) (333.30,55.00) (332.50,85.00)
  (333.30,55.00) (332.50,55.00) (332.50,85.00)
  (320.00,60.72) (320.00,55.72) (333.30,52.40)
  (333.30,52.40) (333.30,57.40) (320.00,60.72)
  (345.80,80.00) (345.80,45.00) (345.00,80.00)
  (345.80,45.00) (345.00,45.00) (345.00,80.00)
  (370.80,75.00) (370.80,40.00) (370.00,75.00)
  (370.80,40.00) (370.00,40.00) (370.00,75.00)
  (395.80,80.00) (395.80,45.00) (395.00,80.00)
  (395.80,45.00) (395.00,45.00) (395.00,80.00)
  (408.50,50.00) (408.50,90.00) (409.50,50.00)
  (408.50,90.00) (409.50,90.00) (409.50,50.00)
  (430.80,80.00) (430.80,45.00) (430.00,80.00)
  (430.80,45.00) (430.00,45.00) (430.00,80.00)
  (480.80,85.00) (480.80,50.00) (480.00,85.00)
  (480.80,50.00) (480.00,50.00) (480.00,85.00)
  (518.50,50.00) (518.50,90.00) (519.50,50.00)
  (518.50,90.00) (519.50,90.00) (519.50,50.00)
  (522.00,50.00) (522.00,90.00) (525.00,50.00)
  (522.00,90.00) (525.00,90.00) (525.00,50.00)
  (20.00,130.25) (535.00,130.25) (20.00,129.75)
  (535.00,130.25) (535.00,129.75) (20.00,129.75)
  (20.00,140.25) (535.00,140.25) (20.00,139.75)
  (535.00,140.25) (535.00,139.75) (20.00,139.75)
  (20.00,150.25) (535.00,150.25) (20.00,149.75)
  (535.00,150.25) (535.00,149.75) (20.00,149.75)
  (20.00,160.25) (535.00,160.25) (20.00,159.75)
  (535.00,160.25) (535.00,159.75) (20.00,159.75)
  (20.00,170.25) (535.00,170.25) (20.00,169.75)
  (535.00,170.25) (535.00,169.75) (20.00,169.75)
  (86.20,180.25) (103.60,180.25) (86.20,179.75)
  (103.60,180.25) (103.60,179.75) (86.20,179.75)
  (100.80,180.00) (100.80,145.00) (100.00,180.00)
  (100.80,145.00) (100.00,145.00) (100.00,180.00)
  (150.80,170.00) (150.80,135.00) (150.00,170.00)
  (150.80,135.00) (150.00,135.00) (150.00,170.00)
  (188.50,130.00) (188.50,170.00) (189.50,130.00)
  (188.50,170.00) (189.50,170.00) (189.50,130.00)
  (210.80,170.00) (210.80,135.00) (210.00,170.00)
  (210.80,135.00) (210.00,135.00) (210.00,170.00)
  (235.80,175.00) (235.80,140.00) (235.00,175.00)
  (235.80,140.00) (235.00,140.00) (235.00,175.00)
  (246.20,180.25) (263.60,180.25) (246.20,179.75)
  (263.60,180.25) (263.60,179.75) (246.20,179.75)
  (260.80,180.00) (260.80,145.00) (260.00,180.00)
  (260.80,145.00) (260.00,145.00) (260.00,180.00)
  (271.20,180.25) (288.60,180.25) (271.20,179.75)
  (288.60,180.25) (288.60,179.75) (271.20,179.75)
  (285.80,185.00) (285.80,150.00) (285.00,185.00)
  (285.80,150.00) (285.00,150.00) (285.00,185.00)
  (298.50,130.00) (298.50,170.00) (299.50,130.00)
  (298.50,170.00) (299.50,170.00) (299.50,130.00)
  (306.20,180.25) (323.60,180.25) (306.20,179.75)
  (323.60,180.25) (323.60,179.75) (306.20,179.75)
  (320.80,180.00) (320.80,145.00) (320.00,180.00)
  (320.80,145.00) (320.00,145.00) (320.00,180.00)
  (345.80,170.00) (345.80,135.00) (345.00,170.00)
  (345.80,135.00) (345.00,135.00) (345.00,170.00)
  (370.80,165.00) (370.80,130.00) (370.00,165.00)
  (370.80,130.00) (370.00,130.00) (370.00,165.00)
  (395.80,170.00) (395.80,135.00) (395.00,170.00)
  (395.80,135.00) (395.00,135.00) (395.00,170.00)
  (408.50,130.00) (408.50,170.00) (409.50,130.00)
  (408.50,170.00) (409.50,170.00) (409.50,130.00)
  (430.80,170.00) (430.80,135.00) (430.00,170.00)
  (430.80,135.00) (430.00,135.00) (430.00,170.00)
  (480.80,175.00) (480.80,140.00) (480.00,175.00)
  (480.80,140.00) (480.00,140.00) (480.00,175.00)
  (518.50,130.00) (518.50,170.00) (519.50,130.00)
  (518.50,170.00) (519.50,170.00) (519.50,130.00)
  (522.00,130.00) (522.00,170.00) (525.00,130.00)
  (522.00,170.00) (525.00,170.00) (525.00,130.00)
  (20.00,210.25) (535.00,210.25) (20.00,209.75)
  (535.00,210.25) (535.00,209.75) (20.00,209.75)
  (20.00,220.25) (535.00,220.25) (20.00,219.75)
  (535.00,220.25) (535.00,219.75) (20.00,219.75)
  (20.00,230.25) (535.00,230.25) (20.00,229.75)
  (535.00,230.25) (535.00,229.75) (20.00,229.75)
  (20.00,240.25) (535.00,240.25) (20.00,239.75)
  (535.00,240.25) (535.00,239.75) (20.00,239.75)
  (20.00,250.25) (535.00,250.25) (20.00,249.75)
  (535.00,250.25) (535.00,249.75) (20.00,249.75)
  (89.00,215.00) (89.00,250.00) (89.80,215.00)
  (89.00,250.00) (89.80,250.00) (89.80,215.00)
  (136.20,200.25) (153.60,200.25) (136.20,199.75)
  (153.60,200.25) (153.60,199.75) (136.20,199.75)
  (139.00,200.00) (139.00,235.00) (139.80,200.00)
  (139.00,235.00) (139.80,235.00) (139.80,200.00)
  (188.50,210.00) (188.50,250.00) (189.50,210.00)
  (188.50,250.00) (189.50,250.00) (189.50,210.00)
  (196.20,200.25) (213.60,200.25) (196.20,199.75)
  (213.60,200.25) (213.60,199.75) (196.20,199.75)
  (199.00,200.00) (199.00,235.00) (199.80,200.00)
  (199.00,235.00) (199.80,235.00) (199.80,200.00)
  (224.00,210.00) (224.00,245.00) (224.80,210.00)
  (224.00,245.00) (224.80,245.00) (224.80,210.00)
  (249.00,215.00) (249.00,250.00) (249.80,215.00)
  (249.00,250.00) (249.80,250.00) (249.80,215.00)
  (274.00,215.00) (274.00,250.00) (274.80,215.00)
  (274.00,250.00) (274.80,250.00) (274.80,215.00)
  (298.50,210.00) (298.50,250.00) (299.50,210.00)
  (298.50,250.00) (299.50,250.00) (299.50,210.00)
  (309.00,215.00) (309.00,250.00) (309.80,215.00)
  (309.00,250.00) (309.80,250.00) (309.80,215.00)
  (331.20,200.25) (348.60,200.25) (331.20,199.75)
  (348.60,200.25) (348.60,199.75) (331.20,199.75)
  (334.00,200.00) (334.00,235.00) (334.80,200.00)
  (334.00,235.00) (334.80,235.00) (334.80,200.00)
  (356.20,200.25) (373.60,200.25) (356.20,199.75)
  (373.60,200.25) (373.60,199.75) (356.20,199.75)
  (359.00,200.00) (359.00,235.00) (359.80,200.00)
  (359.00,235.00) (359.80,235.00) (359.80,200.00)
  (381.20,200.25) (398.60,200.25) (381.20,199.75)
  (398.60,200.25) (398.60,199.75) (381.20,199.75)
  (384.00,200.00) (384.00,235.00) (384.80,200.00)
  (384.00,235.00) (384.80,235.00) (384.80,200.00)
  (408.50,210.00) (408.50,250.00) (409.50,210.00)
  (408.50,250.00) (409.50,250.00) (409.50,210.00)
  (416.20,200.25) (433.60,200.25) (416.20,199.75)
  (433.60,200.25) (433.60,199.75) (416.20,199.75)
  (419.00,200.00) (419.00,235.00) (419.80,200.00)
  (419.00,235.00) (419.80,235.00) (419.80,200.00)
  (469.00,210.00) (469.00,245.00) (469.80,210.00)
  (469.00,245.00) (469.80,245.00) (469.80,210.00)
  (518.50,210.00) (518.50,250.00) (519.50,210.00)
  (518.50,250.00) (519.50,250.00) (519.50,210.00)
  (522.00,210.00) (522.00,250.00) (525.00,210.00)
  (522.00,250.00) (525.00,250.00) (525.00,210.00)
  (20.00,290.25) (535.00,290.25) (20.00,289.75)
  (535.00,290.25) (535.00,289.75) (20.00,289.75)
  (20.00,300.25) (535.00,300.25) (20.00,299.75)
  (535.00,300.25) (535.00,299.75) (20.00,299.75)
  (20.00,310.25) (535.00,310.25) (20.00,309.75)
  (535.00,310.25) (535.00,309.75) (20.00,309.75)
  (20.00,320.25) (535.00,320.25) (20.00,319.75)
  (535.00,320.25) (535.00,319.75) (20.00,319.75)
  (20.00,330.25) (535.00,330.25) (20.00,329.75)
  (535.00,330.25) (535.00,329.75) (20.00,329.75)
  (100.80,315.00) (100.80,280.00) (100.00,315.00)
  (100.80,280.00) (100.00,280.00) (100.00,315.00)
  (136.20,280.25) (153.60,280.25) (136.20,279.75)
  (153.60,280.25) (153.60,279.75) (136.20,279.75)
  (139.00,280.00) (139.00,315.00) (139.80,280.00)
  (139.00,315.00) (139.80,315.00) (139.80,280.00)
  (188.50,290.00) (188.50,330.00) (189.50,290.00)
  (188.50,330.00) (189.50,330.00) (189.50,290.00)
  (199.00,305.00) (199.00,340.00) (199.80,305.00)
  (199.00,340.00) (199.80,340.00) (199.80,305.00)
  (224.00,300.00) (224.00,335.00) (224.80,300.00)
  (224.00,335.00) (224.80,335.00) (224.80,300.00)
  (249.00,295.00) (249.00,330.00) (249.80,295.00)
  (249.00,330.00) (249.80,330.00) (249.80,295.00)
  (285.80,330.00) (285.80,295.00) (285.00,330.00)
  (285.80,295.00) (285.00,295.00) (285.00,330.00)
  (298.50,290.00) (298.50,330.00) (299.50,290.00)
  (298.50,330.00) (299.50,330.00) (299.50,290.00)
  (320.80,315.00) (320.80,280.00) (320.00,315.00)
  (320.80,280.00) (320.00,280.00) (320.00,315.00)
  (345.80,325.00) (345.80,290.00) (345.00,325.00)
  (345.80,290.00) (345.00,290.00) (345.00,325.00)
  (359.00,300.00) (359.00,335.00) (359.80,300.00)
  (359.00,335.00) (359.80,335.00) (359.80,300.00)
  (395.80,315.00) (395.80,280.00) (395.00,315.00)
  (395.80,280.00) (395.00,280.00) (395.00,315.00)
  (408.50,290.00) (408.50,330.00) (409.50,290.00)
  (408.50,330.00) (409.50,330.00) (409.50,290.00)
  (430.80,315.00) (430.80,280.00) (430.00,315.00)
  (430.80,280.00) (430.00,280.00) (430.00,315.00)
  (469.00,310.00) (469.00,345.00) (469.80,310.00)
  (469.00,345.00) (469.80,345.00) (469.80,310.00)
  (518.50,290.00) (518.50,330.00) (519.50,290.00)
  (518.50,330.00) (519.50,330.00) (519.50,290.00)
  (522.00,290.00) (522.00,330.00) (525.00,290.00)
  (522.00,330.00) (525.00,330.00) (525.00,290.00)
